samples/sample_dem.asc
ncols 60
nrows 80
xllcorner 0.0
yllcorner 0.0
cellsize 10.0
nodata_value -9999
[rows 0 to 48 of 65, columns 0 to 59 of 60]
300.0 300.5 301.0 301.5 302.0 302.5 303.0 303.5 304.0 304.5 305.0 305.5 306.0 306.5 307.0 307.5 308.0 308.5 309.0 309.5 310.0 310.5 311.0 311.5 312.0 312.5 313.0 313.5 314.0 314.5 315.0 315.5 316.0 316.5 317.0 317.5 318.0 318.5 319.0 319.5 320.0 320.5 321.0 321.5 322.0 322.5 323.0 323.5 324.0 324.5 325.0 325.5 326.0 326.5 327.0 327.5 328.0 328.5 329.0 329.5
295.3 295.8 296.3 296.8 297.3 297.8 298.3 298.8 299.3 299.8 300.3 300.8 301.3 301.8 302.3 302.8 303.3 303.8 304.3 304.8 305.3 305.8 306.3 306.8 307.3 307.8 308.3 308.8 309.3 309.8 310.3 310.8 311.3 311.8 312.3 312.8 313.3 313.8 314.3 314.8 315.3 315.8 316.3 316.8 317.3 317.8 318.3 318.8 319.3 319.8 320.3 320.8 321.3 321.8 322.3 322.8 323.3 323.8 324.3 324.8
290.6 291.1 291.6 292.1 292.6 293.1 293.6 294.1 294.6 295.1 295.6 296.1 296.6 297.1 297.6 298.1 298.6 299.1 299.6 300.1 300.6 301.1 301.6 302.1 302.6 303.1 303.6 304.1 304.6 305.1 305.6 306.1 306.6 307.1 307.6 308.1 308.6 309.1 309.6 310.1 310.6 311.1 311.6 312.1 312.6 313.1 313.6 314.1 314.6 315.1 315.6 316.1 316.6 317.1 317.6 318.1 318.6 319.1 319.6 320.1
285.9 286.4 286.9 287.4 287.9 288.4 288.9 289.4 289.9 290.4 290.9 291.4 291.9 292.4 292.9 293.4 293.9 294.4 294.9 295.4 295.9 296.4 296.9 297.4 297.9 298.4 298.9 299.4 299.9 300.4 300.9 301.4 301.9 302.4 302.9 303.4 303.9 304.4 304.9 305.4 305.9 306.4 306.9 307.4 307.9 308.4 308.9 309.4 309.9 310.4 310.9 311.4 311.9 312.4 312.9 313.4 313.9 314.4 314.9 315.4
281.2 281.7 282.2 282.7 283.2 283.7 284.2 284.7 285.2 285.7 286.2 286.7 287.2 287.7 288.2 288.7 289.2 289.7 290.2 290.7 291.2 291.7 292.2 292.7 293.2 293.7 294.2 294.7 295.2 295.7 296.2 296.7 297.2 297.7 298.2 298.7 299.2 299.7 300.2 300.7 301.2 301.7 302.2 302.7 303.2 303.7 304.2 304.7 305.2 305.7 306.2 306.7 307.2 307.7 308.2 308.7 309.2 309.7 310.2 310.7
276.5 277.0 277.5 278.0 278.5 279.0 279.5 280.0 280.5 281.0 281.5 282.0 282.5 283.0 283.5 284.0 284.5 285.0 285.5 286.0 286.5 287.0 287.5 288.0 288.5 289.0 289.5 290.0 290.5 291.0 291.5 292.0 292.5 293.0 293.5 294.0 294.5 295.0 295.5 296.0 296.5 297.0 297.5 298.0 298.5 299.0 299.5 300.0 300.5 301.0 301.5 302.0 302.5 303.0 303.5 304.0 304.5 305.0 305.5 306.0
271.8 272.3 272.8 273.3 273.8 274.3 274.8 275.3 275.8 276.3 276.8 277.3 277.8 278.3 278.8 279.3 279.8 280.3 280.8 281.3 281.8 282.3 282.8 283.3 283.8 284.3 284.8 285.3 285.8 286.3 286.8 287.3 287.8 288.3 288.8 289.3 289.8 290.3 290.8 291.3 291.8 292.3 292.8 293.3 293.8 294.3 294.8 295.3 295.8 296.3 296.8 297.3 297.8 298.3 298.8 299.3 299.8 300.3 300.8 301.3
267.1 267.6 268.1 268.6 269.1 269.6 270.1 270.6 271.1 271.6 272.1 272.6 273.1 273.6 274.1 274.6 275.1 275.6 276.1 276.6 277.1 277.6 278.1 278.6 279.1 279.6 280.1 280.6 281.1 281.6 282.1 282.6 283.1 283.6 284.1 284.6 285.1 285.6 286.1 286.6 287.1 287.6 288.1 288.6 289.1 289.6 290.1 290.6 291.1 291.6 292.1 292.6 293.1 293.6 294.1 294.6 295.1 295.6 296.1 296.6
262.4 262.9 263.4 263.9 264.4 264.9 265.4 265.9 266.4 266.9 267.4 267.9 268.4 268.9 269.4 269.9 270.4 270.9 271.4 271.9 272.4 272.9 273.4 273.9 274.4 274.9 275.4 275.9 276.4 276.9 277.4 277.9 278.4 278.9 279.4 279.9 280.4 280.9 281.4 281.9 282.4 282.9 283.4 283.9 284.4 284.9 285.4 285.9 286.4 286.9 287.4 287.9 288.4 288.9 289.4 289.9 290.4 290.9 291.4 291.9
257.7 258.2 258.7 259.2 259.7 260.2 260.7 261.2 261.7 262.2 262.7 263.2 263.7 264.2 264.7 265.2 265.7 266.2 266.7 267.2 267.7 268.2 268.7 269.2 269.7 270.2 270.7 271.2 271.7 272.2 272.7 273.2 273.7 274.2 274.7 275.2 275.7 276.2 276.7 277.2 277.7 278.2 278.7 279.2 279.7 280.2 280.7 281.2 281.7 282.2 282.7 283.2 283.7 284.2 284.7 285.2 285.7 286.2 286.7 287.2
253.0 253.5 254.0 254.5 255.0 255.5 256.0 256.5 257.0 257.5 258.0 258.5 259.0 259.5 260.0 260.5 261.0 261.5 262.0 262.5 263.0 263.5 264.0 264.5 265.0 265.5 266.0 266.5 267.0 267.5 268.0 268.5 269.0 269.5 270.0 270.5 271.0 271.5 272.0 272.5 273.0 273.5 274.0 274.5 275.0 275.5 276.0 276.5 277.0 277.5 278.0 278.5 279.0 279.5 280.0 280.5 281.0 281.5 282.0 282.5
248.3 248.8 249.3 249.8 250.3 250.8 251.3 251.8 252.3 252.8 253.3 253.8 254.3 254.8 255.3 255.8 256.3 256.8 257.3 257.8 258.3 258.8 259.3 259.8 260.3 260.8 261.3 261.8 262.3 262.8 263.3 263.8 264.3 264.8 265.3 265.8 266.3 266.8 267.3 267.8 268.3 268.8 269.3 269.8 270.3 270.8 271.3 271.8 272.3 272.8 273.3 273.8 274.3 274.8 275.3 275.8 276.3 276.8 277.3 277.8
243.6 244.1 244.6 245.1 245.6 246.1 246.6 247.1 247.6 248.1 248.6 249.1 249.6 250.1 250.6 251.1 251.6 252.1 252.6 253.1 253.6 254.1 254.6 255.1 255.6 256.1 256.6 257.1 257.6 258.1 258.6 259.1 259.6 260.1 260.6 261.1 261.6 262.1 262.6 263.1 263.6 264.1 264.6 265.1 265.6 266.1 266.6 267.1 267.6 268.1 268.6 269.1 269.6 270.1 270.6 271.1 271.6 272.1 272.6 273.1
238.9 239.4 239.9 240.4 240.9 241.4 241.9 242.4 242.9 243.4 243.9 244.4 244.9 245.4 245.9 246.4 246.9 247.4 247.9 248.4 248.9 249.4 249.9 250.4 250.9 251.4 251.9 252.4 252.9 253.4 253.9 254.4 254.9 255.4 255.9 256.4 256.9 257.4 257.9 258.4 258.9 259.4 259.9 260.4 260.9 261.4 261.9 262.4 262.9 263.4 263.9 264.4 264.9 265.4 265.9 266.4 266.9 267.4 267.9 268.4
234.2 234.7 235.2 235.7 236.2 236.7 237.2 237.7 238.2 238.7 239.2 239.7 240.2 240.7 241.2 241.7 242.2 242.7 243.2 243.7 244.2 244.7 245.2 245.7 246.2 246.7 247.2 247.7 248.2 248.7 249.2 249.7 250.2 250.7 251.2 251.7 252.2 252.7 253.2 253.7 254.2 254.7 255.2 255.7 256.2 256.7 257.2 257.7 258.2 258.7 259.2 259.7 260.2 260.7 261.2 261.7 262.2 262.7 263.2 263.7
229.5 230.0 230.5 231.0 231.5 232.0 232.5 233.0 233.5 234.0 234.5 235.0 235.5 236.0 236.5 237.0 237.5 238.0 238.5 239.0 239.5 240.0 240.5 241.0 241.5 242.0 242.5 243.0 243.5 244.0 244.5 245.0 245.5 246.0 246.5 247.0 247.5 248.0 248.5 249.0 249.5 250.0 250.5 251.0 251.5 252.0 252.5 253.0 253.5 254.0 254.5 255.0 255.5 256.0 256.5 257.0 257.5 258.0 258.5 259.0
224.8 225.3 225.8 226.3 226.8 227.3 227.8 228.3 228.8 229.3 229.8 230.3 230.8 231.3 231.8 232.3 232.8 233.3 233.8 234.3 234.8 235.3 235.8 236.3 236.8 237.3 237.8 238.3 238.8 239.3 239.8 240.3 240.8 241.3 241.8 242.3 242.8 243.3 243.8 244.3 244.8 245.3 245.8 246.3 246.8 247.3 247.8 248.3 248.8 249.3 249.8 250.3 250.8 251.3 251.8 252.3 252.8 253.3 253.8 254.3
220.1 220.6 221.1 221.6 222.1 222.6 223.1 223.6 224.1 224.6 225.1 225.6 226.1 226.6 227.1 227.6 228.1 228.6 229.1 229.6 230.1 230.6 231.1 231.6 232.1 232.6 233.1 233.6 234.1 234.6 235.1 235.6 236.1 236.6 237.1 237.6 238.1 238.6 239.1 239.6 240.1 240.6 241.1 241.6 242.1 242.6 243.1 243.6 244.1 244.6 245.1 245.6 246.1 246.6 247.1 247.6 248.1 248.6 249.1 249.6
215.4 215.9 216.4 216.9 217.4 217.9 218.4 218.9 219.4 219.9 220.4 220.9 221.4 221.9 222.4 222.9 223.4 223.9 224.4 224.9 225.4 225.9 226.4 226.9 227.4 227.9 228.4 228.9 229.4 229.9 230.4 230.9 231.4 231.9 232.4 232.9 233.4 233.9 234.4 234.9 235.4 235.9 236.4 236.9 237.4 237.9 238.4 238.9 239.4 239.9 240.4 240.9 241.4 241.9 242.4 242.9 243.4 243.9 244.4 244.9
210.7 211.2 211.7 212.2 212.7 213.2 213.7 214.2 214.7 215.2 215.7 216.2 216.7 217.2 217.7 218.2 218.7 219.2 219.7 220.2 220.7 221.2 221.7 222.2 222.7 223.2 223.7 224.2 224.7 225.2 225.7 226.2 226.7 227.2 227.7 228.2 228.7 229.2 229.7 230.2 230.7 231.2 231.7 232.2 232.7 233.2 233.7 234.2 234.7 235.2 235.7 236.2 236.7 237.2 237.7 238.2 238.7 239.2 239.7 240.2
206.0 206.5 207.0 207.5 208.0 208.5 209.0 209.5 210.0 210.5 211.0 211.5 212.0 212.5 213.0 213.5 214.0 214.5 215.0 215.5 216.0 216.5 217.0 217.5 218.0 218.5 219.0 219.5 220.0 220.5 221.0 221.5 222.0 222.5 223.0 223.5 224.0 224.5 225.0 225.5 226.0 226.5 227.0 227.5 228.0 228.5 229.0 229.5 230.0 230.5 231.0 231.5 232.0 232.5 233.0 233.5 234.0 234.5 235.0 235.5
201.3 201.8 202.3 202.8 203.3 203.8 204.3 204.8 205.3 205.8 206.3 206.8 207.3 207.8 208.3 208.8 209.3 209.8 210.3 210.8 211.3 211.8 212.3 212.8 213.3 213.8 214.3 214.8 215.3 215.8 216.3 216.8 217.3 217.8 218.3 218.8 219.3 219.8 220.3 220.8 221.3 221.8 222.3 222.8 223.3 223.8 224.3 224.8 225.3 225.8 226.3 226.8 227.3 227.8 228.3 228.8 229.3 229.8 230.3 230.8
196.6 197.1 197.6 198.1 198.6 199.1 199.6 200.1 200.6 201.1 201.6 202.1 202.6 203.1 203.6 204.1 204.6 205.1 205.6 206.1 206.6 207.1 207.6 208.1 208.6 209.1 209.6 210.1 210.6 211.1 211.6 212.1 212.6 213.1 213.6 214.1 214.6 215.1 215.6 216.1 216.6 217.1 217.6 218.1 218.6 219.1 219.6 220.1 220.6 221.1 221.6 222.1 222.6 223.1 223.6 224.1 224.6 225.1 225.6 226.1
191.9 192.4 192.9 193.4 193.9 194.4 194.9 195.4 195.9 196.4 196.9 197.4 197.9 198.4 198.9 199.4 199.9 200.4 200.9 201.4 201.9 202.4 202.9 203.4 203.9 204.4 204.9 205.4 205.9 206.4 206.9 207.4 207.9 208.4 208.9 209.4 209.9 210.4 210.9 211.4 211.9 212.4 212.9 213.4 213.9 214.4 214.9 215.4 215.9 216.4 216.9 217.4 217.9 218.4 218.9 219.4 219.9 220.4 220.9 221.4
187.2 187.7 188.2 188.7 189.2 189.7 190.2 190.7 191.2 191.7 192.2 192.7 193.2 193.7 194.2 194.7 195.2 195.7 196.2 196.7 197.2 197.7 198.2 198.7 199.2 199.7 200.2 200.7 201.2 201.7 202.2 202.7 203.2 203.7 204.2 204.7 205.2 205.7 206.2 206.7 207.2 207.7 208.2 208.7 209.2 209.7 210.2 210.7 211.2 211.7 212.2 212.7 213.2 213.7 214.2 214.7 215.2 215.7 216.2 216.7
182.5 183.0 183.5 184.0 184.5 185.0 185.5 186.0 186.5 187.0 187.5 188.0 188.5 189.0 189.5 190.0 190.5 191.0 191.5 192.0 192.5 193.0 193.5 194.0 194.5 195.0 195.5 196.0 196.5 197.0 197.5 198.0 198.5 199.0 199.5 200.0 200.5 201.0 201.5 202.0 202.5 203.0 203.5 204.0 204.5 205.0 205.5 206.0 206.5 207.0 207.5 208.0 208.5 209.0 209.5 210.0 210.5 211.0 211.5 212.0
177.8 178.3 178.8 179.3 179.8 180.3 180.8 181.3 181.8 182.3 182.8 183.3 183.8 184.3 184.8 185.3 185.8 186.3 186.8 187.3 187.8 188.3 188.8 189.3 189.8 190.3 190.8 191.3 191.8 192.3 192.8 193.3 193.8 194.3 194.8 195.3 195.8 196.3 196.8 197.3 197.8 198.3 198.8 199.3 199.8 200.3 200.8 201.3 201.8 202.3 202.8 203.3 203.8 204.3 204.8 205.3 205.8 206.3 206.8 207.3
173.1 173.6 174.1 174.6 175.1 175.6 176.1 176.6 177.1 177.6 178.1 178.6 179.1 179.6 180.1 180.6 181.1 181.6 182.1 182.6 183.1 183.6 184.1 184.6 185.1 185.6 186.1 186.6 187.1 187.6 188.1 188.6 189.1 189.6 190.1 190.6 191.1 191.6 192.1 192.6 193.1 193.6 194.1 194.6 195.1 195.6 196.1 196.6 197.1 197.6 198.1 198.6 199.1 199.6 200.1 200.6 201.1 201.6 202.1 202.6
168.4 168.9 169.4 169.9 170.4 170.9 171.4 171.9 172.4 172.9 173.4 173.9 174.4 174.9 175.4 175.9 176.4 176.9 177.4 177.9 178.4 178.9 179.4 179.9 180.4 180.9 181.4 181.9 182.4 182.9 183.4 183.9 184.4 184.9 185.4 185.9 186.4 186.9 187.4 187.9 188.4 188.9 189.4 189.9 190.4 190.9 191.4 191.9 192.4 192.9 193.4 193.9 194.4 194.9 195.4 195.9 196.4 196.9 197.4 197.9
163.7 164.2 164.7 165.2 165.7 166.2 166.7 167.2 167.7 168.2 168.7 169.2 169.7 170.2 170.7 171.2 171.7 172.2 172.7 173.2 173.7 174.2 174.7 175.2 175.7 176.2 176.7 177.2 177.7 178.2 178.7 179.2 179.7 180.2 180.7 181.2 181.7 182.2 182.7 183.2 183.7 184.2 184.7 185.2 185.7 186.2 186.7 187.2 187.7 188.2 188.7 189.2 189.7 190.2 190.7 191.2 191.7 192.2 192.7 193.2
159.0 159.5 160.0 160.5 161.0 161.5 162.0 162.5 163.0 163.5 164.0 164.5 165.0 165.5 166.0 166.5 167.0 167.5 168.0 168.5 169.0 169.5 170.0 170.5 171.0 171.5 172.0 172.5 173.0 173.5 174.0 174.5 175.0 175.5 176.0 176.5 177.0 177.5 178.0 178.5 179.0 179.5 180.0 180.5 181.0 181.5 182.0 182.5 183.0 183.5 184.0 184.5 185.0 185.5 186.0 186.5 187.0 187.5 188.0 188.5
154.3 154.8 155.3 155.8 156.3 156.8 157.3 157.8 158.3 158.8 159.3 159.8 160.3 160.8 161.3 161.8 162.3 162.8 163.3 163.8 164.3 164.8 165.3 165.8 166.3 166.8 167.3 167.8 168.3 168.8 169.3 169.8 170.3 170.8 171.3 171.8 172.3 172.8 173.3 173.8 174.3 174.8 175.3 175.8 176.3 176.8 177.3 177.8 178.3 178.8 179.3 179.8 180.3 180.8 181.3 181.8 182.3 182.8 183.3 183.8
149.6 150.1 150.6 151.1 151.6 152.1 152.6 153.1 153.6 154.1 154.6 155.1 155.6 156.1 156.6 157.1 157.6 158.1 158.6 159.1 159.6 160.1 160.6 161.1 161.6 162.1 162.6 163.1 163.6 164.1 164.6 165.1 165.6 166.1 166.6 167.1 167.6 168.1 168.6 169.1 169.6 170.1 170.6 171.1 171.6 172.1 172.6 173.1 173.6 174.1 174.6 175.1 175.6 176.1 176.6 177.1 177.6 178.1 178.6 179.1
144.9 145.4 145.9 146.4 146.9 147.4 147.9 148.4 148.9 149.4 149.9 150.4 150.9 151.4 151.9 152.4 152.9 153.4 153.9 154.4 154.9 155.4 155.9 156.4 156.9 157.4 157.9 158.4 158.9 159.4 159.9 160.4 160.9 161.4 161.9 162.4 162.9 163.4 163.9 164.4 164.9 165.4 165.9 166.4 166.9 167.4 167.9 168.4 168.9 169.4 169.9 170.4 170.9 171.4 171.9 172.4 172.9 173.4 173.9 174.4
140.2 140.7 141.2 141.7 142.2 142.7 143.2 143.7 144.2 144.7 145.2 145.7 146.2 146.7 147.2 147.7 148.2 148.7 149.2 149.7 150.2 150.7 151.2 151.7 152.2 152.7 153.2 153.7 154.2 154.7 155.2 155.7 156.2 156.7 157.2 157.7 158.2 158.7 159.2 159.7 160.2 160.7 161.2 161.7 162.2 162.7 163.2 163.7 164.2 164.7 165.2 165.7 166.2 166.7 167.2 167.7 168.2 168.7 169.2 169.7
135.5 136.0 136.5 137.0 137.5 138.0 138.5 139.0 139.5 140.0 140.5 141.0 141.5 142.0 142.5 143.0 143.5 144.0 144.5 145.0 145.5 146.0 146.5 147.0 147.5 148.0 148.5 149.0 149.5 150.0 150.5 151.0 151.5 152.0 152.5 153.0 153.5 154.0 154.5 155.0 155.5 156.0 156.5 157.0 157.5 158.0 158.5 159.0 159.5 160.0 160.5 161.0 161.5 162.0 162.5 163.0 163.5 164.0 164.5 165.0
130.8 131.3 131.8 132.3 132.8 133.3 133.8 134.3 134.8 135.3 135.8 136.3 136.8 137.3 137.8 138.3 138.8 139.3 139.8 140.3 140.8 141.3 141.8 142.3 142.8 143.3 143.8 144.3 144.8 145.3 145.8 146.3 146.8 147.3 147.8 148.3 148.8 149.3 149.8 150.3 150.8 151.3 151.8 152.3 152.8 153.3 153.8 154.3 154.8 155.3 155.8 156.3 156.8 157.3 157.8 158.3 158.8 159.3 159.8 160.3
126.1 126.6 127.1 127.6 128.1 128.6 129.1 129.6 130.1 130.6 131.1 131.6 132.1 132.6 133.1 133.6 134.1 134.6 135.1 135.6 136.1 136.6 137.1 137.6 138.1 138.6 139.1 139.6 140.1 140.6 141.1 141.6 142.1 142.6 143.1 143.6 144.1 144.6 145.1 145.6 146.1 146.6 147.1 147.6 148.1 148.6 149.1 149.6 150.1 150.6 151.1 151.6 152.1 152.6 153.1 153.6 154.1 154.6 155.1 155.6
121.4 121.9 122.4 122.9 123.4 123.9 124.4 124.9 125.4 125.9 126.4 126.9 127.4 127.9 128.4 128.9 129.4 129.9 130.4 130.9 131.4 131.9 132.4 132.9 133.4 133.9 134.4 134.9 135.4 135.9 136.4 136.9 137.4 137.9 138.4 138.9 139.4 139.9 140.4 140.9 141.4 141.9 142.4 142.9 143.4 143.9 144.4 144.9 145.4 145.9 146.4 146.9 147.4 147.9 148.4 148.9 149.4 149.9 150.4 150.9
116.7 117.2 117.7 118.2 118.7 119.2 119.7 120.2 120.7 121.2 121.7 122.2 122.7 123.2 123.7 124.2 124.7 125.2 125.7 126.2 126.7 127.2 127.7 128.2 128.7 129.2 129.7 130.2 130.7 131.2 131.7 132.2 132.7 133.2 133.7 134.2 134.7 135.2 135.7 136.2 136.7 137.2 137.7 138.2 138.7 139.2 139.7 140.2 140.7 141.2 141.7 142.2 142.7 143.2 143.7 144.2 144.7 145.2 145.7 146.2
112.0 112.5 113.0 113.5 114.0 114.5 115.0 115.5 116.0 116.5 117.0 117.5 118.0 118.5 119.0 119.5 120.0 120.5 121.0 121.5 122.0 122.5 123.0 123.5 124.0 124.5 125.0 125.5 126.0 126.5 127.0 127.5 128.0 128.5 129.0 129.5 130.0 130.5 131.0 131.5 132.0 132.5 133.0 133.5 134.0 134.5 135.0 135.5 136.0 136.5 137.0 137.5 138.0 138.5 139.0 139.5 140.0 140.5 141.0 141.5
107.3 107.8 108.3 108.8 109.3 109.8 110.3 110.8 111.3 111.8 112.3 112.8 113.3 113.8 114.3 114.8 115.3 115.8 116.3 116.8 117.3 117.8 118.3 118.8 119.3 119.8 120.3 120.8 121.3 121.8 122.3 122.8 123.3 123.8 124.3 124.8 125.3 125.8 126.3 126.8 127.3 127.8 128.3 128.8 129.3 129.8 130.3 130.8 131.3 131.8 132.3 132.8 133.3 133.8 134.3 134.8 135.3 135.8 136.3 136.8
102.6 103.1 103.6 104.1 104.6 105.1 105.6 106.1 106.6 107.1 107.6 108.1 108.6 109.1 109.6 110.1 110.6 111.1 111.6 112.1 112.6 113.1 113.6 114.1 114.6 115.1 115.6 116.1 116.6 117.1 117.6 118.1 118.6 119.1 119.6 120.1 120.6 121.1 121.6 122.1 122.6 123.1 123.6 124.1 124.6 125.1 125.6 126.1 126.6 127.1 127.6 128.1 128.6 129.1 129.6 130.1 130.6 131.1 131.6 132.1
97.9 98.4 98.9 99.4 99.9 100.4 100.9 101.4 101.9 102.4 102.9 103.4 103.9 104.4 104.9 105.4 105.9 106.4 106.9 107.4 107.9 108.4 108.9 109.4 109.9 110.4 110.9 111.4 111.9 112.4 112.9 113.4 113.9 114.4 114.9 115.4 115.9 116.4 116.9 117.4 117.9 118.4 118.9 119.4 119.9 120.4 120.9 121.4 121.9 122.4 122.9 123.4 123.9 124.4 124.9 125.4 125.9 126.4 126.9 127.4
93.2 93.7 94.2 94.7 95.2 95.7 96.2 96.7 97.2 97.7 98.2 98.7 99.2 99.7 100.2 100.7 101.2 101.7 102.2 102.7 103.2 103.7 104.2 104.7 105.2 105.7 106.2 106.7 107.2 107.7 108.2 108.7 109.2 109.7 110.2 110.7 111.2 111.7 112.2 112.7 113.2 113.7 114.2 114.7 115.2 115.7 116.2 116.7 117.2 117.7 118.2 118.7 119.2 119.7 120.2 120.7 121.2 121.7 122.2 122.7
88.5 89.0 89.5 90.0 90.5 91.0 91.5 92.0 92.5 93.0 93.5 94.0 94.5 95.0 95.5 96.0 96.5 97.0 97.5 98.0 98.5 99.0 99.5 100.0 100.5 101.0 101.5 102.0 102.5 103.0 103.5 104.0 104.5 105.0 105.5 106.0 106.5 107.0 107.5 108.0 108.5 109.0 109.5 110.0 110.5 111.0 111.5 112.0 112.5 113.0 113.5 114.0 114.5 115.0 115.5 116.0 116.5 117.0 117.5 118.0
83.8 84.3 84.8 85.3 85.8 86.3 86.8 87.3 87.8 88.3 88.8 89.3 89.8 90.3 90.8 91.3 91.8 92.3 92.8 93.3 93.8 94.3 94.8 95.3 95.8 96.3 96.8 97.3 97.8 98.3 98.8 99.3 99.8 100.3 100.8 101.3 101.8 102.3 102.8 103.3 103.8 104.3 104.8 105.3 105.8 106.3 106.8 107.3 107.8 108.3 108.8 109.3 109.8 110.3 110.8 111.3 111.8 112.3 112.8 113.3
79.1 79.6 80.1 80.6 81.1 81.6 82.1 82.6 83.1 83.6 84.1 84.6 85.1 85.6 86.1 86.6 87.1 87.6 88.1 88.6 89.1 89.6 90.1 90.6 91.1 91.6 92.1 92.6 93.1 93.6 94.1 94.6 95.1 95.6 96.1 96.6 97.1 97.6 98.1 98.6 99.1 99.6 100.1 100.6 101.1 101.6 102.1 102.6 103.1 103.6 104.1 104.6 105.1 105.6 106.1 106.6 107.1 107.6 108.1 108.6
74.4 74.9 75.4 75.9 76.4 76.9 77.4 77.9 78.4 78.9 79.4 79.9 80.4 80.9 81.4 81.9 82.4 82.9 83.4 83.9 84.4 84.9 85.4 85.9 86.4 86.9 87.4 87.9 88.4 88.9 89.4 89.9 90.4 90.9 91.4 91.9 92.4 92.9 93.4 93.9 94.4 94.9 95.4 95.9 96.4 96.9 97.4 97.9 98.4 98.9 99.4 99.9 100.4 100.9 101.4 101.9 102.4 102.9 103.4 103.9
